-0.0001239	-0.0091626	0.0010486	0.2122795	0.0220596	0.0395995
0.1013673	-0.5976628	-0.0260745	-1.2773377	1.4711799	18.4442776
0.0377054	0.0041152	-0.0313599	-0.5729634	0.9538260	12.7678630
-0.0010822	-1.5602913	-0.0506240	-10.1812802	1.5633258	19.6758435
-0.1118605	-3.0069727	-0.0393753	-13.8197234	2.6342283	0.1081182
-0.0808965	-2.9487974	-0.1309319	-12.7752093	2.1949513	9.2254622
-0.0821112	-3.1261816	0.0319706	-14.0391610	2.8836825	-2.8884503
0.0679626	-1.3404117	-0.0631225	-1.9422626	1.4494426	18.9863619
-0.1008036	-3.0500778	-0.0483827	-12.3984248	1.9827996	12.9655568
-0.0364787	-1.4290763	-0.0661113	-8.7317140	1.5238597	19.6719285
0.0282547	-0.0273014	-0.0086619	-0.3245081	0.5980358	7.7579172
-0.0975593	-3.0065814	-0.0548527	-13.8799039	2.7238492	-0.6830603
0.1172236	1.3094594	-0.1291685	-3.5106646	2.6441505	-6.0742394
-0.1011590	-3.0155636	-0.0718034	-13.3917154	2.4530038	3.9176251
0.0572200	0.7440032	-0.1417727	-3.0771969	2.6304020	-5.7702410
0.0176805	0.0201141	-0.0170801	-0.6312912	1.0430603	14.3078750
-0.0827515	-2.9864516	-0.0859541	-13.4301126	2.4556961	3.1645572
0.0366676	0.2649066	-0.1467508	-2.8006257	2.6136787	-5.3248993
0.0352560	-1.4611433	-0.0361295	-4.2554461	1.4512224	19.4783986
-0.0938211	-2.9985862	-0.0907955	-12.4553395	2.0421442	12.2050502
-0.1021466	-3.0014552	-0.1308719	-13.1318815	2.3495233	6.1632334
0.0784854	2.9460343	-0.0472810	-14.0096033	2.8732255	-3.0784901
-0.0265786	-2.5196795	-0.0145893	-11.6384739	1.6546145	19.1274616
-0.0915298	-3.0078351	-0.0774796	-12.3332361	1.8567297	15.2605993
0.0642916	1.8289163	-0.0076232	-10.6044913	2.7627226	-4.6112693
-0.1208645	-3.0316291	-0.0740912	-13.7403620	2.5835579	0.8721647
-0.1180518	-3.0496326	-0.0422849	-13.6501489	2.5306703	1.6353124
-0.0724019	-3.0037628	-0.0401317	-12.3571015	1.8057694	16.0387102
0.0311178	0.2123155	-0.0910116	-2.1405274	2.5068860	-2.3148471
0.0166356	0.2076334	-0.1080333	-2.4271975	2.5441917	-3.8155199
0.0476208	1.8478181	-0.0161742	-12.1143188	2.8260742	-4.2515824
0.0468697	-0.0258112	-0.0210362	-0.4571689	0.7362384	9.7024903
0.0939267	1.5667814	-0.1348815	-3.7979470	2.6274169	-6.1492844
-0.0871627	-2.9767060	-0.1297734	-12.5986265	2.1354892	10.6354191
0.0730230	1.1136909	-0.1539458	-3.3072432	2.6401775	-5.9315403
-0.0947849	-2.9094026	-0.0813895	-13.9429234	2.8890633	-2.1760067
0.0858256	1.8343683	-0.0699891	-6.8380256	2.6441725	-5.4380652
0.0139113	0.0129559	-0.0162557	-0.1914208	0.4669847	5.4227073
0.0253309	0.0495308	-0.0163948	-0.8516707	1.2448446	16.5565348
0.0635479	1.8764546	-0.0369036	-4.5803680	2.5863250	-5.9109235
-0.0903839	-3.0036137	-0.0332415	-11.9812445	1.6650532	18.3593995
0.0649625	1.8926226	-0.0683144	-7.5778286	2.6750136	-5.2115480
0.0406303	-1.4455831	-0.0836836	-3.4395051	1.4582995	19.2977027
0.0543670	1.8929149	-0.0547419	-5.3120855	2.6002323	-5.7004959
0.0855123	-1.0670136	-0.0604160	-1.6937932	1.4591051	18.9104291
-0.0845063	-2.9052520	-0.0743940	-13.7809133	2.7807911	-1.4355308
0.0668551	1.8657914	-0.0340845	-8.3161850	2.6928379	-5.0960165
0.0670164	1.0904041	-0.1573713	-3.2934300	2.6381829	-5.9145348
-0.0577515	-2.9984274	-0.0044544	-12.1581255	1.7033283	17.5794591
0.0604789	1.8333083	-0.0666844	-6.0697223	2.6304957	-5.5649621
-0.0422041	-2.0398629	-0.0526758	-11.0029667	1.5922131	19.4762350
0.0611259	1.8381721	-0.0080290	-9.0842524	2.7121666	-4.9198613
0.0427136	0.5079512	-0.1346280	-2.8933258	2.6154722	-5.5330538
0.0720634	2.0407233	-0.0418985	-13.3567230	2.8771959	-3.7959346
-0.1163610	-3.0176095	-0.0839705	-13.3060899	2.4088186	4.6697499
0.0257596	-0.0537894	-0.0226563	-0.2733087	0.5470773	6.9934752
-0.0775365	-3.0435183	-0.0499502	-12.3752054	1.9038144	14.4756120
0.0350345	-0.0112872	0.0053353	-0.4307725	0.7946442	10.4769404
-0.1063071	-3.0170614	-0.1196067	-12.9161283	2.2667597	7.7057630
0.0180814	-0.0743202	-0.0044144	-0.3716521	0.6483694	8.3230284
-0.0541467	-2.7599744	-0.0367822	-11.7902321	1.6247101	18.8102390
0.0623370	0.7869044	-0.1447854	-3.1010495	2.6305453	-5.8177708
0.0869032	2.4842561	-0.0432020	-13.7942945	2.9079228	-3.4784502
0.0765774	-1.4028100	-0.0262914	-2.6646179	1.4043361	19.2046794
0.0099681	-0.0035498	-0.0160811	-0.6779114	1.1112667	15.0164532
0.0852709	-1.4118760	-0.0502173	-5.7932610	1.5105085	19.6226376
0.0363292	-0.0057384	-0.0124333	-0.1597300	0.4019732	4.6672165
0.0197678	-0.0046387	-0.0189161	-0.7855714	1.1801811	15.7826842
0.0707359	1.0457830	-0.1597356	-3.2544600	2.6341474	-5.8926230
-0.0810250	-2.9713795	-0.0792356	-13.2270864	2.3866871	5.4166989
0.1018072	-0.4047023	-0.0160338	-1.1591902	1.4267988	18.2354207
0.0523558	-0.0037711	-0.0086521	-0.4714569	0.8402854	11.2188412
0.0413817	-1.4502233	-0.0393445	-5.0082224	1.4797125	19.5554227
0.0260287	0.2274864	-0.1044136	-2.2895317	2.5253263	-3.0511254
0.0387746	0.2620444	-0.1114199	-2.5935778	2.5680322	-4.5586524
0.0309851	0.0175258	-0.0197309	-0.6155712	0.9982688	13.5212272
-0.1079760	-2.9839024	-0.0984729	-12.6904722	2.1606256	9.8688552
0.0003381	-1.4141954	-0.0442676	-7.0638750	1.5803091	19.6252852
-0.0755700	-2.9869203	-0.0222153	-12.2914659	1.7526289	16.8197050
-0.0928077	-3.0191074	-0.1154600	-12.5324913	2.0924086	11.4017512
0.0080849	-0.0122778	-0.0232362	-0.0821139	0.3454944	3.9086866
-0.0186297	-1.8022748	-0.0519119	-10.6590082	1.5520764	19.5651038
0.0601598	1.8512696	-0.0058410	-9.8598725	2.7490947	-4.7694722
0.0920290	-0.8175176	-0.0339616	-1.4051279	1.4752652	18.6489763
-0.1047016	-3.0056605	-0.1180320	-13.0595629	2.3020733	6.9584967
0.0561124	-1.3112673	-0.0500434	-1.8324849	1.4478503	18.9665324
0.0341230	-0.0186304	-0.0174009	-0.5213417	0.9055171	11.9867227
0.0199449	-0.0434817	0.0165080	-0.1996381	0.4964565	6.2202361
0.0678818	2.2656193	-0.0431294	-13.5276500	2.8829345	-3.6528137
0.0835122	0.0240831	-0.0138285	-0.9535117	1.3742484	17.2717224
-0.0575063	-3.0312013	-0.0392424	-12.4249642	1.9374835	13.7288178
-0.1109129	-3.0004916	-0.0398029	-13.5556657	2.4832877	2.4012937
-0.0169918	-1.3730755	-0.0814352	-9.2834589	1.5355899	19.6520176
0.0300543	-0.0062225	-0.0162230	-0.0017259	0.2265128	2.3369415
0.0257427	-0.0429506	-0.0102822	0.1484569	0.1008575	0.8215489
0.0146101	0.0151771	-0.0191952	-0.0667437	0.2865995	3.1138107
0.0863955	2.7376505	-0.0242695	-13.9190658	2.8937073	-3.3675151
-0.0202476	-2.2906730	-0.0355844	-11.3768965	1.6173831	19.3125232
0.0224001	-0.0287398	-0.0215227	0.0489614	0.1709134	1.5742194
0.0304954	-0.0110896	-0.0165929	-0.4061997	0.6895477	9.0973369
-0.0346191	-1.4302513	-0.0673544	-7.8032395	1.5534005	19.6708460
0.0801423	1.8311356	-0.0322015	-11.3852055	2.7833177	-4.4393003
0.0578449	1.8028764	-0.0377839	-12.8741925	2.8466992	-4.0175705
-0.0965415	-2.9969425	-0.1277999	-12.8230862	2.2385466	8.4819621
0.1093684	-0.1729646	-0.0189245	-1.0975246	1.4291066	17.8466503
0.0407583	-1.4111283	-0.0579919	-6.5837016	1.5311565	19.7042605
