0.1694008	0.1505676	-0.0649020	-0.0161008	2.6934575	-0.0582149
0.1652726	0.1657989	-0.0747100	0.0320593	2.6527482	0.7044166
0.1741188	0.1871543	-0.0687301	0.1323559	2.5951369	1.4647325
0.1590075	0.2089262	-0.0684581	0.2199919	2.5397936	2.2415949
0.1514303	0.1792710	-0.0750530	0.3552433	2.4894579	3.0036510
0.1762458	0.1785748	-0.0643146	0.4225208	2.4323479	3.7659772
0.1556551	0.2056044	-0.0644662	0.5351115	2.3688979	4.5388330
0.1646632	0.1515735	-0.0331682	0.6747361	2.2829452	5.3048993
0.1597252	0.1396554	-0.0685506	0.7613429	2.2041370	6.0569453
0.1591769	0.1584835	-0.0590701	0.8565969	2.1470138	6.8102308
0.1630222	0.1146027	-0.0532857	0.9194538	2.0715540	7.3760526
0.1754639	0.1749382	-0.0679839	1.0182147	2.0009218	8.1087350
0.1756414	0.1737791	-0.0532115	1.1006703	1.9252222	8.8673891
0.1745168	0.1523448	-0.0290559	1.2865451	1.7962841	9.6530122
0.1634839	0.1357900	-0.0454268	1.3043528	1.8002342	9.7914012
0.1510152	0.1896783	-0.0620151	1.3668231	1.6959392	10.5324978
0.1519406	0.2107824	-0.0504148	1.4863776	1.6515365	11.2855029
0.1368761	0.2087356	-0.0451911	1.5989417	1.5985630	12.0703891
0.1387579	0.1823165	-0.0227392	1.7150019	1.5425866	12.8233204
0.1322510	0.1853331	-0.0418841	1.8036031	1.5088190	13.5986976
0.1143389	0.1686797	-0.0553677	1.8677407	1.4792868	14.3745185
0.1593453	0.2229721	-0.0524922	1.8747362	1.4977643	15.1625523
0.1586267	0.1925375	-0.0376179	2.0102771	1.4689947	15.9066466
0.1553683	0.1429845	-0.0438207	2.2135154	1.3903621	16.4801810
0.1801155	-0.0847549	-0.0455533	2.2097593	1.4097484	16.9766677
0.1654070	-0.3052673	-0.0509195	2.1658039	1.3824008	17.3500880
0.1779100	-0.4942842	-0.0689724	2.0587828	1.4550496	17.5798054
0.1601207	-0.7137338	-0.0813456	1.9339961	1.4427116	17.7894073
0.1423982	-0.9644328	-0.1148372	1.6663237	1.3884145	18.0815405
0.1155431	-1.2003943	-0.1076220	1.5431763	1.3724713	18.1557499
0.1243956	-1.2858644	-0.1011421	0.7899954	1.3403568	18.4326854
0.0946425	-1.3286844	-0.1304016	0.0070370	1.3420804	18.6634733
0.0829414	-1.3520889	-0.1013951	-0.7752379	1.3642001	18.9042240
0.0901170	-1.3455028	-0.0961840	-1.5268837	1.3750097	19.0799364
0.1022501	-1.3053176	-0.1089028	-2.3042873	1.4148753	19.2030709
0.0771815	-1.3216082	-0.1069223	-3.0791749	1.4213954	19.3810540
0.0347273	-1.3465021	-0.1154480	-4.0842799	1.4565659	19.6009393
0.0252648	-1.3663317	-0.1257207	-4.9412357	1.5020331	19.7509736
0.0252106	-1.3023395	-0.1278623	-5.8808507	1.4383910	19.8192022
0.0249807	-1.5619061	-0.1085700	-6.8401330	1.5040587	19.8930037
0.0097647	-1.8115326	-0.1041874	-7.3999142	1.5425273	19.7875142
-0.0033517	-2.0671095	-0.1151388	-7.9010502	1.5972051	19.6213402
-0.0167261	-2.3067832	-0.1042660	-8.2122833	1.6139437	19.5334960
-0.0283202	-2.5242892	-0.1030244	-8.5373793	1.6498562	19.2791026
-0.0521847	-2.7503840	-0.1039036	-8.6627156	1.6282382	19.0301402
-0.0837912	-2.9389041	-0.0872427	-8.9754921	1.7241372	18.2678187
-0.0464276	-2.9350540	-0.0764206	-9.1954591	1.8009096	17.5125030
-0.0597990	-2.9124294	-0.0880739	-9.3076617	1.8920918	16.7668855
-0.0702699	-2.9179038	-0.1097039	-9.3779504	1.9734516	15.9867246
-0.0847655	-2.9801588	-0.1118175	-9.4623660	2.0596109	15.2222118
-0.0680438	-2.9363793	-0.1604663	-9.5480305	2.1619056	14.4450550
-0.0932403	-3.0017717	-0.1513423	-9.6410860	2.2367115	13.6604876
-0.0609667	-2.9141349	-0.0921991	-9.7005379	2.3058885	12.9128679
-0.0683415	-2.9077795	-0.1863068	-9.8103425	2.4279330	12.1532392
-0.0870601	-2.9597329	-0.1797445	-9.9455409	2.4911593	11.4111359
-0.1005425	-2.9375275	-0.1965135	-10.0627072	2.5585835	10.8614820
-0.1112924	-2.9317620	-0.1662181	-10.1664857	2.6160238	10.1208363
-0.1194102	-2.8810884	-0.2066151	-10.2759940	2.6915263	9.5692190
-0.1166080	-2.9514568	-0.1590455	-10.3989484	2.7580847	8.8226575
-0.1297591	-2.9738353	-0.1656080	-10.5343464	2.8185888	8.0720409
-0.1210984	-2.9328422	-0.1470077	-10.7140419	2.8669352	7.2886199
-0.1269764	-2.9600917	-0.1494848	-10.8321210	2.9582878	6.4897303
-0.0987435	-2.9672526	-0.1498795	-10.9509527	3.0161708	5.7063814
-0.1149275	-2.9481729	-0.0953392	-11.0545300	3.0674902	4.9529658
-0.1267527	-2.9798952	-0.1256483	-11.1847280	3.1304537	4.2037809
-0.1304558	-2.9693173	-0.1127828	-11.2579022	3.1436254	3.4545294
-0.1207715	-2.9669897	-0.0900343	-11.4264143	3.2269349	2.6821342
-0.1209769	-2.9564895	-0.1153033	-11.5070701	3.2988336	1.9151961
-0.1448621	-2.9695833	-0.1263819	-11.6667612	3.3764475	1.1772140
-0.1174722	-3.0338527	-0.1092242	-11.7816005	3.4417110	0.3965601
-0.0975538	-2.9227753	-0.1429450	-11.7614532	3.5168128	-0.3661235
-0.1029290	-2.9162648	-0.1815197	-11.9226253	3.6118450	-1.1407509
-0.1148133	-3.0131448	-0.1743722	-12.0533700	3.6593154	-1.9144873
0.1200622	3.0288357	0.0587686	-12.0904030	3.6687396	-2.3455075
0.1354571	2.8099218	0.0836823	-11.9854373	3.6990984	-2.6579458
0.1521139	2.5299124	0.0463104	-11.8626859	3.7296711	-2.8422901
0.1263305	2.3196862	0.0293662	-11.6349477	3.7159050	-2.9624094
0.1440614	2.0632591	0.0286098	-11.4480292	3.7159726	-3.1097448
0.1233933	1.8377379	0.0264906	-11.0335038	3.7116000	-3.2622010
0.1236988	1.7956344	0.0426139	-10.3118211	3.6885078	-3.5173134
0.1436155	1.7919978	0.0284872	-9.5450657	3.6510107	-3.6178096
0.1645555	1.7648240	0.0361197	-8.7873318	3.5906767	-3.7630594
0.1269239	1.7707935	0.0595683	-8.0330597	3.5787653	-3.9009801
0.1409325	1.8066309	0.0310491	-7.2773784	3.5192909	-3.9777544
0.1597235	1.7939969	0.0441971	-6.5204162	3.4801644	-4.0997731
0.1514114	1.7652488	0.0122077	-5.7547764	3.4681041	-4.2176637
0.1527117	1.7933305	-0.0085472	-5.0006818	3.4215993	-4.3514869
0.1468187	1.7938297	-0.0155546	-4.2273526	3.3967484	-4.4388091
0.1327353	1.7574830	0.0005449	-3.4790081	3.3715232	-4.5627712
0.1184450	1.8408178	0.0098012	-2.7130539	3.3354160	-4.6459378
0.1555384	1.7492227	-0.0084255	-1.9577303	3.3391675	-4.8137071
0.1567065	1.5018023	-0.0656335	-1.5416763	3.3007879	-4.7781115
0.1652265	1.2411976	-0.0685415	-1.3585265	3.2718667	-4.6819587
0.1273063	1.0617129	-0.0965386	-1.1874381	3.2604644	-4.5406902
0.1381575	0.9681427	-0.0887636	-1.0849226	3.2426539	-4.5605249
0.1265014	0.7214111	-0.0891615	-0.9076726	3.2382895	-4.5449090
0.1105895	0.4854021	-0.0929428	-0.7372492	3.2117698	-4.2853636
0.1206042	0.2466081	-0.0929394	-0.6602162	3.1904282	-4.1268318
0.1218464	0.1981908	-0.1136032	-0.6403760	3.1853734	-4.0214983
0.1108997	0.1940358	-0.0721367	-0.4924957	3.0826527	-3.2585397
0.0940988	0.1520075	-0.0641986	-0.3722490	3.0163472	-2.4878291
0.0984454	0.1609846	-0.0590004	-0.2871849	2.9436228	-1.7198568
0.0944213	0.1338808	-0.0445357	-0.1920935	2.8671625	-0.9620269
0.1071627	0.1988803	-0.0691762	-0.1367039	2.8127722	-0.1912018
0.1022974	0.1910406	-0.0436554	-0.0451793	2.7534150	0.5624963
0.1086764	0.1760284	-0.0440114	0.0583298	2.6817362	1.3091878
0.1127022	0.1514574	-0.0526753	0.1918522	2.6089006	2.0793573
0.1196025	0.1873398	-0.0717508	0.2937497	2.5635337	2.8384790
0.1266926	0.2079296	-0.0685796	0.3967507	2.4953652	3.5930240
0.1457942	0.1842435	-0.0483856	-0.1072058	2.7309880	-0.8423147
